1000
157.68 404.61 447.37 9.24
7.53 286.59 161.62 7.02
350.53 109.96 446.81 1.98
486.07 192.41 61.26 6.88
426.1 391.91 117.13 0.71
218.85 15.77 467.37 0.93
179.09 49.97 156.42 6.57
408.47 434.4 28.89 6.16
339.01 476.26 168.92 6.54
426.38 330.54 257.08 6.91
440.5 203.9 368.89 0.09
59.83 93.67 190.49 5.94
149.1 471.14 130.17 1.47
486.91 261.06 192.4 9.52
474.55 348.82 389.62 3.03
283.22 418.51 112.71 5.75
58.29 281.63 132.29 4.67
275.69 389.38 261.58 9.71
93.28 293.99 133.32 6.63
51.18 487.33 302.57 3.81
458.48 96.27 395.28 8.91
357.33 251.21 438.44 5.41
100.03 328.06 41.96 6.78
246.57 154.67 332.53 8.38
99.82 128.35 453.06 9.03
17.73 378.16 418.74 4.53
335.68 215.58 254.68 6.86
202.91 57.26 414.19 4.91
317.05 309.48 433.83 7.9
60.69 372.27 333.31 4.24
363.85 375.27 371.02 3.94
193.46 367.08 242.32 6.8
495.43 358.9 495.83 6.68
237.07 78.09 114.73 2.75
293.67 369.41 123.13 0.11
90.19 37.33 485.02 7.24
346.81 418.85 245.15 1.02
454.64 241.98 395.26 8.49
117.26 429.81 255.95 4.24
296.89 161.8 431.05 2.32
20.7 90.4 469 7.77
168.5 83.73 494.04 5.69
116.66 117.18 285.8 6.86
154.51 270.83 114.1 4.84
353.2 22.77 235.86 7.85
264.76 294.64 289.86 5.54
224.45 45.82 19.78 1.34
371.14 114.35 477.18 1.84
204.76 109.7 313.14 3.26
356.95 307.18 498.95 3.62
87.88 448.28 180.48 2.39
219.11 458.1 70.75 5.83
480.88 306.61 43.68 9.16
101.26 333.55 454.7 9.23
42.89 138 174.1 4.03
252.36 151.28 469.39 7.12
424.51 282.53 493.9 1.46
253.24 156.37 418.6 1.12
104.65 99.08 247.04 7.28
220.71 481.31 223.12 5.11
287.93 430.32 274.27 2.71
427.39 392.49 205.46 3.8
30.49 379.56 211.35 6.37
194.37 180.75 67.01 8.88
126.8 60.91 400.34 3.56
380.81 482.47 384.69 8.98
245.07 295.25 299.79 5.78
276.56 186.43 330.89 8.01
116.75 105.16 444.24 7.67
161.17 313.23 341.47 1.67
192.79 52.83 301.56 7.16
233.58 368.58 169.56 3.9
93.01 233.43 67.47 3.82
215.9 115.68 286.33 0.97
74.45 86.12 426.76 4.53
272.55 421.17 406.07 2.82
26.34 13.83 260.49 7.51
327.06 101.97 42.7 9.86
318.32 344.27 70.54 5.42
376.37 240.11 239.32 9.38
137.06 470.31 106.73 2.96
85.99 393.06 477.45 0.44
479.18 404.21 338.5 5.25
325.39 244.57 131.59 5.25
258.4 392.09 366.28 5.47
157.58 72.51 268.85 5.9
80.3 2.91 354.84 6.67
406.54 257.68 426.05 3.6
228 32.78 396.56 7.51
425.84 37.54 301.48 8.54
441.75 139.98 147.31 0.66
384.55 278.91 109.43 6.47
171 475.72 391.94 2.1
211.75 324.31 131.52 2.05
327.23 486.36 248.72 3.77
244.04 174.77 277.38 5.56
371.08 337.46 113.08 6.92
375 414.56 28.99 0.28
54.54 176.3 74.46 2.61
455.21 183.9 409.08 9.73
323.14 464.55 445.35 4.89
452.38 76.87 326.94 9.61
226.75 239.18 176.91 4.32
413.95 454.29 269.88 8.55
455.27 46.48 245.48 3.8
461.04 437.99 137.6 9.1
114.29 212.06 445.23 3.03
395.96 17.84 22.76 2.62
145.91 468.12 417.51 8.29
208.51 407.97 377.91 5.27
310.67 54.82 233.11 4.63
172.63 2.99 173.18 1.42
213 82.18 285.22 4.04
20.17 86.34 16.67 7.99
298.41 461.9 31.02 7.89
143.26 217.3 240.52 9.17
348.94 321.55 387.47 0.98
393.05 265.38 156.25 3.72
483.72 52.88 91.87 6.35
219.39 428.58 111.29 2.39
174.28 60.04 269.96 7.98
146.38 286.63 155.97 4.79
412.05 350.51 466.21 5.32
231.33 206.73 344.49 3.8
191.8 231.96 464.78 4.85
160.86 284.55 452.1 4.58
337.43 43.97 464.45 6.82
472.55 239.27 489.22 6.84
299.31 259.18 4.82 5.69
209.33 324.31 54.01 1.38
338.34 20.22 340.22 9.67
390.47 184.72 313.47 5.79
80.2 278.25 494.17 4.59
62.8 446.27 212.69 3.75
490.24 340.67 120.58 6.32
79.94 109.8 436.68 9.25
32.5 105.02 324.94 1.83
92.85 42.47 26.73 1.19
226.21 366.96 164.38 6.68
215.2 477.86 362.48 8.92
419.63 20.17 363.51 5.96
466.44 239.73 209.71 0.2
80.4 493.81 410.04 0.34
103.61 346.72 39.59 9.63
115.26 28.05 204.98 8.11
70.53 231.72 302.82 6.74
262.2 467.21 76.95 0.92
108.59 102.95 99.84 1.74
123.12 126.88 337.7 9.56
366.61 210.94 373.28 0.53
204.75 283.33 270.87 1.89
130.05 473.98 271.52 8.84
2.03 476.51 280.47 6.08
371.75 83.3 196.35 3.95
214.03 436.82 438.39 2.62
39.77 201.75 14.36 6.41
492.15 15.59 79.49 2.28
226.53 452.77 132.81 4.8
236.1 403.68 66.69 9.68
377.66 338.22 102.04 3.22
478.25 382.51 442.82 0
129.33 139.17 147.47 3.36
239.51 249.38 165.98 9.28
451.13 343.87 269.21 3.29
22.98 348.7 465.57 9.51
465 98.39 7.83 4.62
165.59 74.53 57.82 3.26
76.27 159.86 250 8.04
205.9 192.82 68.04 5.23
332 379.03 178.6 1.51
128.41 8.1 14.32 3.06
351.97 447.05 186.35 4.95
459.28 315.45 287.98 4.28
413.84 295.82 452.42 2.95
33.87 10.25 286.21 0.14
333.63 36.21 328.18 9.53
392.56 59.74 374.77 8.08
102.29 53.37 123.11 4.22
61.47 300.95 137.28 6.97
248.01 487.16 115.44 7.29
466.13 403.43 295.09 3.49
362.77 247.51 286.44 0.16
421.28 72.66 170.3 4.92
272.39 162 294.45 4.95
385.26 332.74 216.55 1.07
386.11 339.67 45.29 1.11
140.62 346.09 188.08 8.63
496.77 467.04 259.44 2.9
33.99 54.53 6.39 6.76
302.05 292.84 120.44 6.85
29.02 454.26 141.77 4.93
116.26 99.75 293.41 5.04
432.49 9.96 316.11 2.13
349.63 24.92 93.24 0.26
34.54 444.84 42.41 1.31
411.88 301.86 157.74 5.88
356.39 164.13 6.16 1.96
120.49 126.61 208.82 3.03
80.87 350.59 277.97 0.66
113.86 71.38 25.7 6.36
244.86 5.34 28.49 4.5
193.78 285.25 248.28 8.32
230.09 290.69 423.16 1.97
92.55 80.9 251.37 8.95
408.55 257.54 434.43 2.57
384.15 143.25 5.6 8.54
157.37 447.09 489.2 1.23
18.47 178.43 481.11 6.86
183.77 9.6 21.36 7.55
294.85 269.64 269.4 8.46
223.85 192.56 493.96 6.41
273.46 245.33 428.88 5.53
2.87 363.31 38.1 0.54
6.57 43.71 342.61 7.46
154.32 331.81 98.69 2.8
173.76 79.81 99.66 7.53
252.93 284.54 398.61 1.31
217.7 331.53 399.77 1.55
24.09 393.73 257.96 1.07
302.59 186.84 306.6 5.46
50.16 8.23 19.53 0.25
215.46 362.14 47.71 9.78
357.47 309.92 206.1 1.24
53.25 305.76 52.29 6.19
253.82 114.42 181.02 1.52
445.95 244.31 413.08 3.56
138.05 334.56 94.63 0.64
184.93 64.76 409.62 8.61
72.99 92.67 118.86 8.45
118.33 330.09 158.23 9.33
140.01 364.34 334.09 3.27
333.62 49.9 162.98 0.97
164.33 7.52 386.01 3.8
251.83 462.61 407.37 3.4
297.18 2 494.04 2.11
230.28 67.19 44.24 3.27
323.38 163.1 255.24 1.72
156.71 77 244.57 6.72
441.34 78.66 153.51 8.48
128.56 480.01 352.97 6.41
487.53 238.99 230.22 9.37
201.6 137.59 292.77 2.3
303.11 450.34 307.93 6.92
181.05 352.17 0.19 4.43
15.27 255.44 109.67 1.98
332.44 17.76 132.23 7.3
96.42 449.26 39.3 4.99
429.28 55.8 344.92 0.33
294.79 75.14 483.22 6.39
376.25 439.52 158.7 2.89
53.38 466.63 39.81 4.43
318.81 203.52 402.38 7.6
122.48 175.58 333.11 8.44
193.34 465.34 55.74 9.77
78.12 258.57 178.28 7.4
314.37 23.2 251.26 2.68
261.87 234.48 269.07 8.12
337.52 91.29 144.53 0.9
221.45 184.34 288.85 3.78
387.87 354.76 364.9 0.35
30.34 361.53 292.32 7.2
490.39 11.58 176.97 8.52
270.15 18.77 239.44 8.04
205.5 490.7 20.72 0.89
388.71 453.32 432.53 6.23
208.13 77.07 117.14 3.1
261.41 69.51 460.4 2.8
424.27 325.31 486.68 4.61
186.84 279 341.82 0.76
290.58 182.31 409.28 4.26
364.61 148.72 135.82 3.63
139.43 156.55 364.52 1.66
273.39 297.05 417.89 5.04
37.64 198.55 238.15 2.58
268.07 362.07 275.38 5.86
187.38 425.58 310.48 7.75
368.1 315.82 378.51 2.21
161.65 451.31 209.99 9.78
100.03 345.81 423.41 2.98
165.88 451.45 94.64 9.27
412.03 176.06 247.84 9.67
374.61 485.99 412.25 6.2
348.06 351.16 162.07 8.97
440.26 136.07 400.24 8.37
115.41 442.27 294.1 7.06
57.1 4.09 466.85 7.13
349.9 53.78 223.64 5.79
168.76 318.28 118.58 0.79
494.34 366.42 193.98 2.48
352.41 106.24 2.2 4
120.92 164.27 226.49 1.18
463.86 290.25 369.55 9.27
396.04 163.65 19.86 3.14
167.74 150.23 110.27 1.17
204.01 497.43 196.96 2.77
315.72 315.54 117.08 3.58
345.49 311.07 169.58 7.9
80.83 171.79 225.42 1.75
499.58 115.43 262.93 3.45
405.68 296.01 42.72 5.24
123.18 62.58 418.38 4.45
212.81 192.18 135.62 0.35
189.61 332.58 116.64 8.85
311.64 397.25 305.96 7.13
371.84 475.54 18.56 2.67
147.33 407.5 317.94 0.44
186.46 244.39 273.89 5.66
40.4 480.13 220.91 7.11
206.24 139.29 281.56 9.05
494.99 417.18 162.92 4.61
413.28 443.09 353.46 8.44
340.34 159.42 209.1 2.18
298.49 227.66 328.37 9.34
298.68 146.31 419.78 5.14
390.7 193.67 240.81 4.63
173.81 461.72 421.74 0.05
264.53 203.3 462.62 9.53
284 289.07 444.14 7.28
232.16 461.12 249.24 6.02
284.07 458.34 111.72 2.56
186 440.09 191.9 8.21
86.4 275.21 133.35 0.62
468.88 374.16 235.25 6.21
499.4 320.51 349.78 3.94
23.81 475.93 186.99 1.33
428.52 131.13 168.61 4.2
255.77 417.86 60.22 9.84
39.72 171.94 285.92 5.73
112.03 141.35 373.94 1.95
416.56 170.81 166.09 8.96
208.5 64.87 18.7 1.42
385.38 32 135.36 2.72
7.93 485.87 44.05 6.45
117 376.19 424.17 6.3
457.57 484.39 239.66 7.29
156.33 189.11 386.54 1.88
330.46 424 457.35 0.54
94.82 286.97 123.02 6.84
351.84 141.72 338.26 0.74
173.73 137.15 136.98 5.18
123.02 344.56 445.16 3.55
220.75 369.33 439.85 1.84
353.73 343.03 2.65 3.58
32.14 389.2 268.99 6.12
313.2 389.86 436.66 1.54
176.83 59.69 201.9 2.19
201.41 40.17 92.94 8.66
340.84 393.44 383.85 3.86
238 492.53 30.93 2.27
361.86 134.3 464.11 9.11
477.34 466.77 216.22 9.48
19.49 485.21 35.61 6.21
375.07 135.79 231.28 5.43
195.48 433.18 407.62 0.42
136.87 164.08 262.6 7.71
57.53 146.45 105.1 9.05
302.5 136.03 81.33 4.37
270.34 45.44 43.48 1.2
175.73 259.7 420.68 5.22
408.43 119.81 191.44 7.03
419.13 422.72 162.46 4.61
19.42 233.6 338.55 6.3
397.69 101.16 297.53 8.74
411.13 402.63 77.79 3.64
202.19 322.64 378.01 6.05
368.09 85.01 47.25 7.34
8.24 131.45 402.57 6.67
414.79 257.53 27.22 3.92
180.25 189.68 448.53 3.19
86.81 450.61 19.49 8.02
51.77 480.55 266.76 2.9
383.18 8.07 176.54 8.89
330.72 218.07 384.94 2.33
466.61 432.19 69.67 4.85
227.17 135.76 55.04 1.96
393.29 82.27 475.88 7.06
435.47 87.93 100.26 5.8
38.54 283.27 333.82 0.31
263.82 264.1 216.74 0.53
272.18 56.8 222.94 6.42
438.4 107.89 292.27 5.01
203.6 361.94 43.38 4.29
161.23 261.94 236.25 8.04
7.73 212.13 455.11 3.21
300.07 218.89 292.53 2.13
165.68 126.36 92.45 3.03
390.46 472.71 403.56 6.16
29.51 290.02 256.1 7.91
61.43 48.37 372.92 8.56
73.84 79.82 22.85 5.07
341.77 259.11 453.11 9.5
134.76 71.74 456.23 8.35
290.63 248.77 100.49 9.84
375.13 356.46 212.87 9.11
329.17 279.95 255.28 8.68
69.97 11.38 490.12 1.41
59.76 26.56 59.97 3.6
106.39 246.34 32.19 8.16
168.97 148.82 461.18 3.74
220.57 417.42 65.61 4.72
166.19 329.62 294.56 4.84
186.08 7.43 133.95 8.77
287.38 389.23 200.98 7.36
64.14 191.1 152.29 3.9
381.18 375.78 421.02 7.57
122.12 116.73 99.25 1.1
265.55 60.44 258.36 6.12
141.38 323.97 324.37 1.09
317.12 118.93 175.93 3.2
126.37 473.4 345.5 7.27
26.16 46.48 98.15 0.3
401.1 250.44 377.72 2.28
126.22 462.26 433.38 1.87
242.51 32.63 202.97 8.06
256.59 124.85 157.71 1.49
448.82 482.08 32.58 9.46
264.53 372.03 96.19 4.42
8.96 441.69 131.7 5.12
151.69 393.37 288.94 2.79
143.82 330.18 498.59 3.56
292.44 431.97 8.95 4.95
128.13 211.92 206.53 8.24
336.77 364.24 109.74 9.12
9.84 305.84 378.58 4.38
177.88 138.29 328.8 6.84
79.98 124.02 385.48 1.67
17.4 174.42 447.98 4.74
4.6 446.58 258.3 0.56
42.07 267.26 159.03 3.72
142.7 365.56 381.97 3
393.33 155.23 255.64 3.17
461.07 297.74 177.55 8.95
436.04 169.88 489.31 6.02
293.9 38.31 411.22 1.3
212.73 359.2 299.56 0.85
469.3 57.87 4.93 1.38
488.65 163.96 8.62 4.87
29.53 390.59 437.87 2.86
45.82 193.51 489.55 0.42
154.78 167.11 472.89 0.82
0.51 462.21 106.84 4.41
0.52 181.58 269.24 6.78
40.79 68.8 421.15 3.61
290.19 426.09 348.51 2.36
90.05 357.14 237.24 3.1
247.73 338.63 205.96 7.08
195.67 195.52 127.5 0.45
26.15 100.39 441.27 0.18
226.12 211.63 148.11 0.17
56.74 417.35 430.47 1.05
149.68 351.62 434.66 3.39
277.71 283.18 209.28 1.29
303.84 110.04 314.39 5.09
448.67 20.36 172.17 7.86
379.4 463.19 321.83 9.07
227.11 263.1 259.25 3.23
138.26 407.36 6.92 8.52
488.24 437.39 119.57 1.44
289.02 54.23 68.35 0.25
0.93 277.63 261.54 4.77
387.67 75.94 19.87 9.87
259.82 355.56 307.73 2.74
482.28 129.57 371.81 9.39
56.19 294.58 326.14 7.97
365.46 333.07 216.49 7.22
433.98 336.06 318.66 6.52
53.82 387.02 116.78 8.27
328.17 378.32 23.05 9.37
117.78 206.44 379.24 7.6
225.52 350.49 180.34 7.8
143.58 215.67 417.19 3.3
173.77 406.86 221.27 9.24
403.45 101.29 56.46 7.43
100.87 38.65 223.96 8.21
89.19 340.74 36.49 7.36
382.58 59.54 296.73 0.37
429.5 339.49 41.49 5.02
189.99 385.36 26.35 7.09
264.55 443.54 360.39 8.33
13.92 245.19 141.09 7.37
346.48 197.55 254.81 0.87
399.72 142.29 429.09 8.91
146.55 465.58 69.8 9.13
188.64 30.05 193.02 8.14
369.55 398.04 436.68 3.06
283.4 463.03 220.15 1.47
70.1 244.07 149.8 4.02
489.26 454.41 164.92 9.26
315.49 83.25 273.65 5.21
225.54 202.74 367.65 2.09
331.84 437.45 64.74 0.48
467.5 421.29 302.14 0.57
319.33 238.83 223.63 6.25
365.38 107.31 141.24 5.48
14.9 454.57 183.03 7.68
408.98 11.47 166.94 4.47
94.72 440.59 103.21 0.26
306.86 470.86 355.87 8.7
408.31 84.13 322.71 9.33
168.94 124.85 39.91 8.27
27.2 427.06 418.04 2.59
197.89 59.29 491.59 2.79
177.38 338.14 43.99 6.36
349.61 210.93 474.36 4.33
315.05 77.57 428.11 5.43
48.43 447.5 87.65 0.26
31.64 410.36 323.11 0.58
35.22 26.54 352.38 5.94
453.61 433.94 282.05 5.02
156.75 273.65 191.34 4.13
111.79 235.33 84.02 1.41
109.79 58.38 69.26 8.36
299.47 497.38 373.79 1.42
108.4 461.44 295.2 0.04
371.81 118.31 4.15 0.55
144.86 20.05 460.01 1.99
453.99 242.07 77.01 4.27
15.72 431.87 271.92 1.03
167.21 355.94 415.96 7
77.84 148.75 365.36 7.31
309.65 402.67 388.73 8.05
364.11 183.93 221.62 9.44
465.77 389.29 133.51 0.63
409.34 93.53 372.62 6.85
335.6 113.15 301.12 4.84
45.03 73.05 469.39 2.24
92.51 48.88 152.76 0.36
197.63 181.64 47.67 7.28
84.31 99.93 425.33 1.94
447.38 310.47 11.39 3.15
199.76 144.9 23.78 9.1
401.95 59.92 299.48 1.07
173.08 264.12 79.43 8.11
0.69 48.83 430.35 3.21
97.71 246.63 263.57 8.86
428.27 474.76 466.14 2.58
238.21 54.99 124.52 5.6
365.47 299.43 262.27 5.23
107.86 286.06 337.86 9.81
345.98 137.34 410.89 2.58
401.46 153.84 400.69 2.16
202.67 494.56 158.89 3.9
241.19 85.98 86.28 9.46
60.74 52.42 345.56 2.48
270.94 133.61 148.08 9.93
433.04 410.35 365.16 0.9
359.93 366.54 214.24 9.44
3.88 288.65 52.02 8.87
442.49 116.24 134.55 8.69
110.8 293.44 272.59 2
379.42 358.88 184.98 3.68
74.82 194.07 66.16 9.28
327.68 214.24 309.21 4.24
288.12 337.9 465.15 1.57
204.44 179.39 181.01 1.85
131.56 396.56 440.72 4.05
12.8 75.27 382.74 7.12
368.71 318.86 302.64 8.13
341.26 151.15 351.81 9.6
345.22 81.5 88.89 6.42
459.26 61.62 260.66 7.38
399.52 389.33 222.48 3.97
232.24 67.01 475.82 3.8
463.57 80.06 437.86 9.89
155.33 320.6 427.02 7.56
302.98 393.18 99.21 4.24
44.33 114.54 223.85 3.07
196.04 312.74 389.49 5.31
374.36 150.16 66.21 7.41
39.49 288.69 41.38 5.26
355.71 180.72 299.06 2.8
424.3 236.92 286.22 3.15
221.05 376.76 430.71 4.03
269.94 193.44 168.28 4.28
471.5 55.65 30.87 7.55
368.39 420.37 486.38 6.27
234.05 216.11 343.68 7.06
4.81 48.58 372.32 4.04
392.82 171.39 170.36 7.12
71.83 456.58 60.27 2.88
333.34 154.5 480.44 3.29
347.94 148.72 81.09 9.45
204.37 111.96 150.52 6.28
195.85 300.42 306.07 9.9
16.53 313.28 366.97 4.86
25.38 239.29 372.42 8.21
74.2 42.79 398.85 6.04
499.37 459.13 102.44 6.24
113.63 82.88 263.05 5.1
395.12 344.14 108.07 3.01
119.62 258.59 162.81 5.48
222.53 468.89 408.9 9.06
445.69 275.87 423.93 1.07
178.69 459.87 389.28 2.89
2.66 288.14 62.45 5.56
410.79 164.9 161.8 7.94
247.78 424.85 476.56 2.91
432.51 84.63 69.44 5.65
6.74 232.26 31.13 9.27
201.15 103.56 131.86 6.84
42.95 55.79 281.43 1.64
15.66 170.72 138.06 1.85
122.38 200.51 347.41 6.69
28.93 172.73 48.15 6.72
97.58 24.72 83.15 3.61
109.35 152.59 409.26 9.62
48.37 103.92 8.89 9.52
207.48 140.75 59.88 0.43
360.06 341.32 135.6 9.25
175.56 273.66 384.62 1.46
137.69 232.03 158.15 6.63
68.28 206.3 106.87 9.38
394.54 353.54 22.99 3.9
169.65 95.77 447.04 8.03
199.69 119.45 131.07 7.17
260.21 354.48 321.13 3.79
195.8 456.73 486.56 4.88
393.91 371.18 496.34 1.6
266.73 318.01 361.75 5.01
187.83 132.14 164.39 2.38
149.2 350.9 249.8 2.38
446.68 196.84 363.93 6.37
316.29 495 217.07 0.02
349.48 38.2 187.34 8.8
158.45 173.9 243.68 2.36
208.61 403.54 247.48 5.34
385.07 272.76 473.88 2.91
404.9 138.27 318.81 7.63
152.7 232.13 200.01 9.38
428.97 63.94 409.27 8.78
222.46 126.34 312.33 1.95
328.06 163.19 444.27 6.51
0.61 187.96 38.87 9.22
255.02 449.88 348.09 0.1
222.64 321.97 376.53 1.06
123.76 358.86 8.69 6.46
90.99 208.7 375.84 3.48
436.16 285.12 255.78 8.63
74.98 68.11 394.1 3.05
394.82 338.37 53.08 5.44
189.85 255.48 268.18 8.4
205.36 279.79 248.5 8
101.76 288.55 382.58 9.05
147.41 391.28 329.03 1.92
263.5 204.88 85.4 9.67
153.52 341.18 21.82 2.02
72.82 415.92 458.59 7.64
417.81 11.68 26.6 7.67
430.68 294.79 216.07 6.04
238.1 128.09 227.56 9.87
80.16 110.14 392.44 1.09
164.94 221.47 293.01 8.45
89.87 378.41 291.64 6.91
219.59 313.46 298.94 2.41
392.9 421.05 423.58 0.71
432.73 450.18 81.9 3.41
408.49 297.97 162.97 6.6
89.58 54.05 149.99 9.74
327.72 42.43 60.83 2.66
427.42 353.84 84.63 7.3
395.77 376.27 424.21 5.37
353.25 386.67 71.3 6.15
307.73 158.4 56.87 3.98
108.59 302.29 267.4 0.6
100.27 93.89 490.72 3.37
311.47 140.71 186.64 9.19
346.66 247.47 295.37 4.09
264.84 380.01 291.39 4.13
419.8 379.12 103.02 3.06
265.8 174.33 19.21 3.53
496.25 239.6 141.03 8.36
41.9 71.95 448.97 5.69
165.85 439.69 322.58 7.32
243.93 9.22 280.03 0.59
420.22 75.4 364.68 8.58
118.93 319.59 172.71 8.74
198.72 275.74 311.8 8.04
113.59 494.53 365.09 9.84
397.66 6.12 378.21 9.56
78.08 490.7 408.77 3.93
430.39 231.35 384.77 4.32
404.1 328.32 428.44 4.32
67.24 293.12 172.9 6.18
276.24 9.13 224.92 4.96
284.87 200.24 103 1.98
194.77 131.61 171.83 2.43
137.73 213.56 195.51 5.81
204.26 104.28 123.26 8.17
499.16 171.55 136.02 3.26
499.87 64.46 391.1 0.64
21.1 227.52 416.82 7.34
236.65 141.74 435.82 5.05
5.5 202.34 247.03 0.27
333.95 82.38 292.71 1.69
295.94 488.22 351.02 3.72
256.03 474.29 125.42 8.71
309.36 261.44 485.49 2.76
489.42 376.59 203.4 0.52
104.11 120.22 307.87 4.28
425.48 407.21 189.33 0.98
109.56 99.89 131.25 3.51
182.27 87.48 78.72 1.74
239.23 429.75 305.46 5.26
67.56 94.4 77.49 6.92
355.84 62.98 349.68 5.26
439.57 53.08 19.31 7.2
336.82 490.7 211.48 2.3
397.91 64.34 356.8 7.47
164.23 151.58 114.51 0.02
239.06 193.23 151.76 1.81
286.5 120.75 137.07 4.06
215.15 378.08 394.51 4.52
441.06 244.19 79.78 0.63
460.8 99.09 251.35 7.62
253.31 126.36 223.45 1.23
190.7 80.25 158.7 8.45
395.35 436.73 28.47 4.42
129.97 343.76 276.23 9.99
464.51 76.83 434.06 3.18
118.43 328.57 77.7 9.5
236.28 321.01 103.65 0.6
83.62 355.01 158.23 6.94
481.37 45.2 488.17 5.59
288.97 310.39 354.04 4.33
410.65 382.51 482.27 4.14
226.27 258.5 284.13 4.3
498.85 381.71 361.01 7.29
373.8 102.23 340.31 0.09
423.24 443.96 470.69 0.39
462.49 292.44 7.33 3.86
1.16 159.02 279.45 0.14
132.93 297.01 474.47 3.58
343.05 456.74 411.24 2.84
378.76 195.38 87.15 1.14
77.09 111.68 321.95 0.9
213.91 162.26 224.51 7.16
106.22 358.72 471.07 8.72
314.69 141.92 176.1 5.85
464.46 119.08 105.99 7.39
416.09 243.98 304.5 9.14
200.72 215.74 491.99 3.01
74.64 242.66 284.15 1.74
354.34 106.1 266.16 8.25
268.36 154.19 368.93 8.1
12.91 340 270.34 7.6
481.92 446.45 306.98 6.38
229.05 412.97 207.3 5.14
156.96 175.32 67.81 1.2
54.58 223.32 264.21 9.23
129.5 48.36 444.49 7.36
317.98 210.65 379.13 9.86
364.84 248.07 287.97 1.27
251.59 58.31 32.4 7.04
168.28 339.38 6.94 7.33
252.35 377.76 206 2.83
53.08 437.33 94.04 7.67
324.17 21.77 400.42 3.67
70.14 344.91 264.55 1.64
219.08 143.68 301.51 3.92
55.27 253 288.71 0.39
311.31 321.11 367.43 3.12
160.49 37.89 40.45 6.37
415.66 246.45 149.2 2.26
347.3 406.76 403.45 1.47
428.54 303.87 288.66 2.2
312.3 53.21 213.84 1.38
360.42 178.87 278.82 5.69
431.87 67.54 386.08 3.19
388.65 417.03 386.31 9.15
118.45 90.28 125.52 7.63
336.74 438.24 329.89 7.56
345.01 396.87 19.04 3.55
364.26 307.7 435.75 6.57
360.92 313.11 371.47 1.34
491.99 150.3 300.55 3.86
217.84 350.16 167.05 6.49
267.19 216.88 319.16 9.16
307.17 108.2 246.79 7.43
46.45 240.21 154.99 1.46
137.08 337.55 328.53 4.86
145.26 264.28 4.95 9.7
77.39 376.43 54.56 9.38
26.73 18.63 493.25 8.09
368.79 323.82 178.1 9.51
204.23 497.27 348.67 4.92
268.99 95.47 145.87 5.44
499.2 464.38 370.42 9.8
301.94 198.95 464.66 0.72
126.75 133.14 280.42 7.67
9.57 498.5 437.05 9.82
17.13 93.82 107.91 9.45
81.17 449.53 348.96 5.4
446.8 197.63 123.84 9.32
456.62 269.71 194.76 5.82
234.09 228.71 255.62 6.03
91.18 383.81 310.27 7.94
16.95 90.69 85.61 0.04
252.71 186.18 389.86 3.37
443.53 161.29 482.82 4.7
110.82 331.78 473.62 1.15
192.93 97.46 263.99 9.56
367.17 122.27 268.9 4.78
350.98 188.05 300.82 2.17
71.86 111.09 323.63 2.33
365.31 72.76 442.37 1.54
258.94 495.75 214.91 5.99
320.56 197.73 390.69 1.38
193.03 27.83 316.05 9.49
125.29 243.56 362.57 5.98
365.84 131.47 420.77 6.82
483.04 385.11 322.51 4.9
159.72 309.66 470.75 8.55
382.42 413.12 470.1 4.89
408.87 348.53 170.88 9.43
209.79 225.1 324.34 2.82
252.93 303.91 452.31 1.75
47.48 478.4 197.73 3.32
109.88 118.5 293.66 2.92
3.61 279.7 311.35 3.34
89.36 282.1 351.89 5.31
358.75 485.51 440.2 1.14
334.05 274.6 160.58 3.84
499.7 148.44 110.18 6.16
115.87 226.02 457.91 3.35
204.42 155.64 240.19 7.82
437.67 197.38 234.27 1.28
477.08 209.14 268.14 9.96
154.76 283.56 365.27 3.51
432.59 468.99 444.66 6.64
243.6 268.76 474 6.82
417.2 247.71 322.98 3.07
473.73 444.41 359.95 1.67
100.06 100.14 319.5 1.25
461.04 217.29 142.53 8.12
426.43 74.2 331.61 1.19
21.28 196.88 94.71 3.87
329.4 202.89 384.04 3
471.65 21.56 143.34 2.37
269.27 129.85 248.96 6.52
74.26 108.91 248.2 7.84
372.58 231.22 39.09 3.62
448.51 345.15 435.27 4.94
82.87 266.88 456.13 4.15
127.28 214.36 221.54 6.68
417.25 269.1 193.2 2.42
290.67 336.55 104.79 9.94
129.92 353.76 129.99 4.18
126.19 378.19 205.55 8.77
272.93 408.16 495.92 1.44
253.31 94.71 259.9 6.18
361.59 379.55 103.85 2.39
93.92 325.4 272.6 4.69
258.02 465.8 390.64 8.69
465.87 158.95 272.16 5.79
12.71 402.15 463.5 2.43
443.86 332.57 464.72 6.79
240.73 460.64 101.75 4.05
55.35 361.65 493.75 0.46
241.2 97.61 396.38 8.64
86.53 168.98 336.86 4.55
134.78 227.5 56.77 4.18
386.45 328.93 359.97 2.69
394.6 486.99 28.64 8.46
319.56 493.36 218.77 0.3
117.53 320.52 217.87 6.4
345.69 211.62 416.87 6.89
472.75 476.77 249.06 9.28
145.75 85.92 67.36 4.05
476.94 124.13 208.23 6.91
116.58 231.73 253.12 4.7
218.72 281.76 13.16 8.29
275.13 395.45 262.11 6.18
379.49 479.98 392.58 5.18
191.6 472.97 312.07 4.36
449.74 61.13 387.16 5.49
310.57 118.04 39.55 7.51
405.69 247.78 477.95 2.27
479.51 231.07 196.97 1.76
12.84 373.65 63.57 1.49
432.62 325.68 7.67 2.11
469.18 400.25 37.29 4.3
36.75 12.89 152.18 6.49
237.54 202.87 81.99 8.12
320.91 285.06 499.15 6.61
196.36 477.1 412.4 9.4
208.18 272.9 201.16 4.54
146.55 428.25 499.55 2.7
417.45 7.22 54.81 6.63
70.99 255.63 374.45 7.74
432.04 26.64 94.24 9.58
229.51 339.75 381.22 0.42
288.33 43.9 440.55 4.69
21 352.96 487.61 2.7
125.86 352.29 440.76 5.93
280.54 440.31 178.63 7.99
111.05 396.97 248.14 2.05
316.12 122.6 453.31 8.16
149.24 211.07 417.74 2.27
214.34 462.49 256.21 2.67
6.39 196.77 150.89 0.91
49.73 138.5 247.14 9.11
490.8 351.42 275.04 4.86
291.74 117.2 132.86 6.31
177.69 44.52 411.88 3.81
167.12 365.2 241.97 9.88
239.79 323.23 22.15 4.14
449.24 278.37 120.33 9.15
475.14 271.22 310.07 8.39
73.25 220.73 27.5 7.57
72.15 466.06 162.43 7.41
246.78 458.81 93.73 4.47
3.34 169.13 418.28 3.98
34.33 323.77 313.87 7.65
147.01 336.02 391.79 9.77
114.39 12.12 378.93 3.05
446.87 352.52 441.44 3.64
73.25 132.46 74.73 8.92
262.05 400.68 499.86 8.83
359.5 257.11 433.31 6.36
426.24 351.59 360.34 4.1
338.89 174.21 61.75 5.9
173.76 117.06 409.19 8.15
129.18 288.12 204.73 9.57
140.64 146.17 86.73 7.41
442.16 161.46 186.34 4.21
62.15 349.72 213.04 5.17
106.83 146.35 111.53 6.59
161.47 135.39 320.69 3.88
473.13 45.96 313.3 6.89
163.02 222.49 98.56 5.73
10.62 303.29 358.82 1.26
112.99 445.56 28.68 5.15
107.02 378.54 422.88 2.69
228.26 135.92 417.86 8.61
445.8 192.91 358.72 0.79
328.31 342.94 434.67 1.44
388.9 247.97 111.85 5.45
470.46 210.41 171.18 4.6
13.71 30 295.87 6.7
475.56 488.07 345.37 6.11
366.61 268.25 78.8 8.39
67.69 496.67 257 3.49
353.1 279.24 447.8 1.41
122.18 45.99 146.37 4.61
293.96 258.22 390.06 7.95
468.64 61.24 72.55 5.87
254.76 31.94 436.09 0.33
20.01 281.46 139.96 6.62
213.23 218.76 145.01 0.92
378.95 65.53 457.94 2.06
8.3 405.74 413.47 0.48
115.26 223.37 468.61 9.22
145.11 358.67 0.69 3.75
83.43 236.77 423.14 8.2
268.71 359.23 232.05 2.25
304.21 372.01 338.87 7.44
90.77 147.41 461.89 9.73
376.46 83.35 365.31 4.76
152.61 278.78 178.77 7.87
165.67 147.38 340.62 0.79
169.58 341.31 88.06 3.01
241.6 11.21 91.21 0.32
33.96 486.78 462.57 8.18
358.79 464.96 19.14 3.09
275.89 144.55 246.34 5.88
227.9 111.65 200.64 0.52
53.95 42.93 148.39 9.63
353.84 489.01 30.42 3.42
493.85 118.48 439.95 5.45
293.21 194.69 409.29 7.18
181.47 35.38 328.88 0.27
163.87 348.02 316.88 9.76
156.1 63.22 255.64 4
174.87 119.81 264.52 8.82
326.26 76.44 111.97 0.1
228.97 142.39 367.04 2.82
424.4 307 121.8 1.13
1.69 31.09 208.31 3.16
230 37.19 386.95 3.87
48.74 203.83 333.63 8.36
430.57 252.8 252.36 5.44
36.13 180.41 497.79 2.39
256.85 109.76 206.02 5.82
252.16 73.06 372.17 0.08
380.06 493.97 221.21 5.27
188.58 93.05 228.44 8.58
293.76 278.91 312.45 2.5
146.27 309.61 210.86 6.84
225.93 126.75 182.29 5.58
307.16 180.08 287.97 7.53
289.84 157.51 376.87 5.52
230.58 249.04 209.12 4.16
406.53 430.34 319.44 5.12
23.39 211.4 177.22 7.15
490.31 489.68 323.18 6.58
462.81 197.56 213.43 2.26
324.31 59.24 277.84 4.99
402.84 65.81 186.04 2.68
386.85 62.92 61.73 7.43
475.48 270.85 55.11 2.02
